50,50,
16,
2,4,4,4,
5,5,4,
4,3,3,1,5,
4,8,5,3,3,
2,3,3,4,4,2,
5,4,2,3,2,
4,2,3,3,2,3,2,
3,3,2,3,1,1,4,1,
3,4,2,4,3,4,2,3,
3,5,2,6,2,3,1,3,
1,1,6,2,8,3,2,1,3,
11,3,9,3,1,7,
3,2,3,1,5,3,1,7,
1,1,6,2,2,3,1,1,9,
3,2,4,2,7,1,2,2,3,2,
2,2,5,2,4,1,2,3,2,1,
1,3,2,1,2,4,2,2,
1,3,3,4,1,7,2,
2,6,3,5,5,2,
2,3,4,2,1,
1,3,3,2,2,3,1,
1,5,3,5,2,1,2,2,2,1,
5,10,5,2,1,1,
4,4,4,5,1,2,
3,4,2,3,4,1,2,
2,5,2,5,2,4,2,
1,5,7,4,3,3,3,
3,2,2,2,3,5,6,
1,1,2,2,5,4,
1,3,4,2,2,3,3,
3,4,2,5,2,
2,1,4,3,1,4,1,
1,3,2,3,2,3,1,
1,3,4,3,2,3,
1,2,3,2,1,6,
1,2,4,5,7,
2,1,4,1,4,1,4,
3,1,3,5,5,
1,1,2,5,1,3,
1,1,3,2,4,2,3,
1,3,1,2,2,1,
1,2,3,4,1,
1,2,2,3,1,2,
1,2,3,1,2,1,1,2,
4,2,1,3,2,2,
3,1,1,2,4,5,2,
1,1,2,1,1,1,2,2,4,
2,2,5,2,1,2,1,4,
5,24,
9,21,1,
1,2,2,2,1,2,2,5,
4,2,2,1,2,1,2,2,
3,1,6,1,2,1,3,1,1,
1,1,1,5,1,5,4,1,1,
4,2,3,1,2,4,1,
3,1,1,2,2,3,3,1,2,2,
3,3,2,1,3,1,4,2,
3,5,3,2,1,4,1,1,
3,2,2,3,3,2,1,2,
4,3,1,4,2,2,3,
2,1,3,3,3,2,3,1,2,2,
2,1,4,2,4,1,2,1,4,2,
4,3,1,3,2,4,4,1,2,
2,1,3,1,4,2,4,1,2,1,1,1,1,
2,1,2,3,4,2,3,5,2,
2,2,2,2,2,3,2,4,1,2,
1,1,1,1,3,2,1,3,1,4,5,1,2,1,
2,2,2,2,2,2,1,3,4,3,1,
2,2,2,1,2,2,1,1,3,3,4,2,
2,3,2,5,1,1,3,4,4,1,1,
2,2,1,3,2,1,2,3,2,3,1,1,
1,2,2,4,2,1,4,3,1,2,
2,1,1,5,2,1,3,1,2,1,1,1,2,
2,2,1,8,1,3,1,1,1,1,1,
2,1,2,8,1,2,2,2,2,
2,2,1,6,1,1,2,2,1,4,1,
1,1,2,3,1,1,2,7,1,3,
1,1,2,1,1,1,3,17,
1,1,2,2,1,1,3,1,6,6,
1,1,2,1,1,1,1,2,1,5,2,
1,1,2,3,1,2,1,2,7,
4,2,4,2,3,1,4,
1,1,3,5,1,2,2,3,
1,1,1,2,4,2,5,
2,2,3,3,2,1,4,
2,1,2,2,4,2,4,
2,2,2,5,1,2,
2,3,1,6,1,2,
1,3,2,2,1,1,1,
2,3,3,1,1,2,
1,8,2,1,1,
3,1,6,1,2,
3,2,5,2,3,
8,1,3,
6,5,
2,2,3,
4,7,
3,8,
10